0.359905 -0.897336 4
0.653676 0.575976 2
-0.195776 -0.979186 4
0.156285 0.127598 1
0.381756 -0.941710 4
0.747246 -0.614246 4
-0.336955 -0.822810 4
-0.663808 0.056185 4
0.453719 0.342326 4
-0.397198 -0.581164 4
0.636280 0.425581 2
0.868038 -0.888241 3
-0.605335 -0.225501 4
0.572375 -0.842586 3
-0.249489 0.158177 1
0.772149 -0.502365 3
0.797357 0.431318 2
-0.274331 -0.679189 4
-0.804621 -0.269509 4
0.894894 0.705496 2
-0.367718 0.583483 4
-0.214148 0.809137 4
-0.679128 0.220923 4
0.243629 -0.741508 4
-0.565477 0.886898 3
0.349590 -0.207801 1
-0.065523 -0.712333 4
0.202063 0.817682 4
0.759087 -0.234718 4
-0.169591 -0.369915 1
-0.912534 -0.438581 2
-0.439253 0.838313 3
0.593921 -0.078158 4
-0.438215 0.313395 4
-0.463729 0.009980 1
0.302103 0.965819 4
-0.582812 -0.083224 4
-0.501633 -0.889828 2
0.067660 0.713736 4
0.076815 -0.643544 4
-0.412885 -0.250710 4
-0.048189 -0.891903 4
-0.125828 0.488144 4
0.309061 0.112033 1
-0.249794 0.380902 1
0.799432 -0.662038 3
-0.831477 -0.207923 4
-0.131932 0.014252 1
0.957762 0.137242 4
0.603442 -0.833003 3
0.223121 0.358135 1
-0.756340 -0.251015 4
-0.823908 -0.073153 4
-0.922849 0.649525 3
0.023164 -0.016511 1
-0.836665 -0.195166 4
-0.120701 0.213294 1
-0.662954 -0.478927 2
0.720695 -0.081637 4
0.587817 0.235817 4
-0.588855 -0.320658 4
-0.623157 0.526414 3
-0.923704 -0.710501 2
0.023652 0.474593 1
0.804132 0.519395 4
-0.798029 -0.235145 4
-0.922239 -0.003388 4
-0.910825 0.383953 4
0.743095 0.298685 4
-0.937864 -0.255409 4
0.920591 0.518601 2
0.272134 0.734062 4
-0.638844 -0.683645 2
-0.781732 -0.169836 4
0.540025 0.067537 4
-0.183874 0.293191 1
-0.445357 -0.589953 2
0.682669 -0.227332 4
0.881954 -0.471786 3
-0.326518 -0.281106 1
-0.494797 -0.861080 2
-0.630848 -0.990661 4
-0.901914 0.619678 3
-0.537889 -0.562365 2
-0.903134 -0.716361 2
-0.909055 -0.579882 2
0.856197 -0.282693 4
0.363689 -0.299417 1
-0.085299 -0.400006 1
-0.156652 0.228858 4
-0.050813 -0.227393 1
-0.099338 0.001679 1
-0.487167 0.763970 3
0.809687 0.736198 4
0.394513 0.768059 4
-0.470199 0.047639 1
-0.359600 0.445601 4
0.526841 -0.427473 3
-0.792474 0.144322 4
-0.010224 -0.534410 4
-0.889279 -0.550401 2
-0.351115 0.157750 4
-0.960387 -0.361736 4
0.339702 0.436445 4
-0.996155 0.859493 3
0.745476 -0.944823 3
0.865841 -0.031953 4
-0.373028 0.442000 4
0.887631 0.123203 4
0.573168 0.908322 2
-0.088351 -0.196326 1
-0.878536 -0.687857 4
-0.254067 -0.982116 4
-0.743156 0.646046 3
-0.994568 0.460005 3
0.053560 -0.238685 1
0.302469 -0.569262 4
-0.181127 0.646046 4
0.543931 0.750114 2
0.793451 -0.400372 3
0.424909 -0.105869 1
0.492904 -0.458113 3
-0.741752 -0.563952 2
0.409589 0.808161 2
0.300088 0.811579 4
-0.738823 0.362468 4
0.969176 -0.284707 4
0.543565 -0.335612 4
-0.934812 -0.686758 2
-0.948546 0.690970 3
-0.483139 -0.820917 2
0.538560 -0.893307 3
-0.415754 -0.322306 4
-0.968505 0.530747 3
-0.944823 -0.318400 4
-0.240577 -0.476302 4
-0.944212 0.256996 4
0.439131 0.566027 2
-0.104099 0.556383 4
0.041841 -0.842586 4
0.141148 0.844050 4
0.384503 0.504196 4
-0.908872 -0.382061 4
0.207617 0.307291 1
0.298624 -0.581896 4
0.062899 0.187964 1
-0.057283 -0.613575 4
-0.416181 0.522141 3
0.012970 0.207495 1
0.815119 -0.835444 3
-0.376934 0.971923 4
0.463729 0.968261 4
-0.393231 0.005280 1
0.472762 -0.600818 3
-0.901425 -0.943541 2
0.446150 -0.839534 3
-0.678884 0.677175 4
-0.573717 0.820856 4
0.540086 0.412030 2
0.591723 0.244301 4
0.353496 0.797723 4
0.853572 0.387188 4
0.409589 -0.610462 3
0.332560 0.015900 1
-0.460005 0.353557 4
0.545579 0.357280 4
-0.589770 0.820063 3
-0.926267 -0.131565 4
-0.630055 -0.550096 4
0.767510 0.457747 2
-0.512803 -0.238380 4
-0.576403 0.851253 3
0.019929 0.958800 4
-0.407392 -0.368023 4
-0.933470 0.533006 3
-0.009919 -0.970153 4
-0.905698 0.046236 4
0.146092 0.058443 4
0.719901 0.468795 2
0.681509 -0.665151 3
-0.238868 0.515793 4
-0.803583 -0.874447 2
0.442793 0.835444 2
0.448408 0.085299 1
0.969665 0.905759 2
-0.467635 0.052278 1
0.733390 0.344523 4
0.404462 -0.623280 3
0.436933 0.278237 4
-0.437788 0.839290 3
0.659536 -0.298502 4
0.263649 -0.480758 4
0.092563 0.636769 4
0.573229 0.240883 4
-0.898129 0.626881 3
-0.968505 0.714042 3
0.666982 -0.089694 4
-0.911069 0.443403 3
0.360027 -0.212561 1
-0.112217 0.155614 1
-0.888119 0.441572 3
0.761467 -0.861934 3
0.309305 -0.924436 4
0.197546 -0.252541 1
-0.459029 0.916196 4
-0.763726 0.676138 3
0.296243 0.673391 4
0.589465 0.618275 2
-0.623280 0.671255 3
0.427900 0.993347 2
0.959655 0.339335 4
0.037385 -0.373211 1
-0.607776 0.319865 4
-0.358013 -0.008454 1
-0.835383 -0.644276 2
0.883663 0.042024 4
-0.664907 -0.369915 4
-0.016144 0.065035 1
0.238197 0.572985 4
0.740959 -0.412885 3
-0.179296 0.594775 4
-0.511155 0.458296 3
0.692251 0.989502 2
-0.788812 0.033662 4
0.182409 0.630604 4
-0.586901 0.144078 4
-0.377300 0.304483 1
0.357707 -0.465377 4
0.966613 -0.156529 4
-0.877926 0.907956 3
-0.027558 -0.119846 1
0.868954 -0.117161 4
0.759636 -0.702139 3
0.014069 -0.672658 4
-0.156041 -0.447615 1
0.851436 -0.117283 4
0.033967 0.227454 1
-0.083529 -0.666677 4
-0.948790 0.726066 3
-0.811212 -0.977050 4
-0.297952 -0.875423 4
0.392132 0.040986 1
-0.903134 -0.807062 2
0.404950 0.637623 2
-0.936094 0.646657 3
0.393475 0.537400 4
-0.237281 0.110569 1
0.968139 0.742302 2
0.837642 -0.724540 3
0.701651 0.313944 4
0.501389 0.577319 2
-0.025300 -0.265419 4
-0.041658 -0.330790 1
0.588488 -0.969054 3
-0.184606 0.244240 1
0.148778 -0.855464 4
-0.164708 0.642079 4
-0.861690 0.301370 4
0.813349 -0.601550 3
0.095614 0.623768 4
0.752922 0.711234 2
0.667959 -0.818171 3
0.127903 0.957091 4
-0.252846 -0.639821 4
0.103610 0.147374 1
0.681265 0.058199 4
0.385784 -0.191198 4
-0.064486 -0.893796 4
-0.859127 -0.533677 2
-0.203223 0.612903 4
-0.584948 -0.059420 4
0.033784 -0.992676 4
-0.061190 -0.699515 4
0.085238 0.562243 4
0.379315 0.787042 4
0.600085 -0.580432 3
-0.753533 -0.414472 2
-0.744926 0.850398 3
0.023774 -0.760063 4
0.963195 0.902402 2
0.923887 -0.998352 3
-0.877255 -0.011994 4
-0.776543 0.755547 3
0.687368 -0.425520 3
-0.351848 0.606616 4
-0.194067 -0.777215 4
-0.981140 -0.003449 4
0.853206 -0.978759 3
-0.423750 0.596545 3
0.076510 -0.770135 4
0.327555 0.447493 4
0.092563 -0.060152 1
0.652333 0.134190 4
-0.687979 0.008942 4
0.519272 -0.560411 3
-0.685110 -0.289773 4
0.246925 -0.819208 4
-0.518784 0.675832 3
-0.958495 0.023957 4
0.062655 -0.920530 4
0.816401 0.269143 4
0.603259 0.836543 2
-0.716300 0.128941 4
0.432539 0.146947 1
-0.731681 -0.844600 2
0.116062 0.230384 1
0.866878 0.441267 2
-0.498825 0.837581 4
0.722526 0.288308 4
-0.406415 0.330546 4
-0.453230 -0.553392 2
0.192480 0.051119 1
0.353191 0.030793 1
-0.753227 0.588610 3
0.917783 -0.931944 3
-0.477157 0.674673 4
0.001068 -0.425581 1
-0.351482 -0.988220 4
-0.895199 -0.660390 2
0.163793 0.645802 4
-0.757317 0.481674 3
-0.882138 -0.240822 4
0.631703 -0.447493 3
0.258095 -0.746086 4
-0.396222 0.795404 4
0.202185 -0.554735 4
0.651906 0.311686 4
-0.572741 0.868038 3
-0.394879 0.651723 4
-0.305277 0.837947 4
-0.269265 -0.060396 1
-0.091891 -0.723319 4
-0.672536 -0.665578 2
-0.375591 -0.361492 4
0.365642 -0.334330 1
0.755547 0.830012 2
0.184118 0.708426 4
-0.343974 -0.968688 4
-0.567797 -0.961974 2
0.049226 -0.431379 1
0.587329 0.969420 4
0.338115 -0.309793 1
-0.256569 -0.004303 1
-0.957762 0.529771 3
-0.802728 -0.352519 4
-0.364360 -0.070162 1
0.909848 -0.962157 3
-0.812311 0.415571 3
0.440352 -0.197424 1
0.186132 -0.311502 1
0.688040 -0.070711 4
-0.017548 -0.187536 1
-0.015595 0.347880 1
-0.285073 -0.968688 4
-0.995544 0.377239 4
0.564501 0.149449 4
0.858882 0.440535 2
0.048982 0.859554 4
-0.156407 -0.880367 4
-0.998352 -0.418989 2
-0.093783 0.876034 4
-0.834956 0.514817 3
-0.814753 0.859920 3
0.209754 0.984497 4
-0.746147 0.423566 3
-0.288491 -0.034272 1
0.181921 -0.512253 4
0.435957 0.257118 4
0.492416 0.040986 1
0.439070 -0.736625 3
-0.239662 -0.977844 4
-0.752373 0.102573 4
0.248634 0.905576 4
-0.019684 0.954405 4
-0.162145 0.714774 4
0.961303 -0.507797 4
0.840510 -0.801080 3
-0.586108 0.138035 4
-0.662038 -0.249611 4
0.451094 -0.010041 1
0.701834 -0.416425 3
-0.948973 -0.144017 4
0.195654 -0.016266 1
-0.726432 -0.871639 2
0.263894 0.307840 1
-0.117038 0.501022 4
-0.462630 0.147679 1
-0.953673 0.022431 4
-0.018586 -0.122349 1
-0.874752 0.932920 3
-0.775201 -0.027680 4
0.018097 -0.590625 4
0.190710 0.232093 1
0.298013 -0.010895 1
0.949705 -0.348430 4
-0.232276 -0.698172 4
-0.512436 0.360271 4
-0.722098 0.077364 4
0.065950 -0.905271 4
-0.030610 0.441633 1
-0.688223 -0.702811 2
0.761467 -0.462630 3
0.348918 0.401044 4
0.162267 0.741752 4
-0.573473 0.436262 3
0.574511 -0.539659 3
0.866634 -0.006012 4
0.460738 0.904721 2
-0.020478 0.094882 4
0.268532 -0.347758 1
-0.847224 -0.146458 4
0.144444 0.403302 1
0.833918 0.272500 4
-0.561937 -0.570238 4
-0.132420 0.283792 1
0.063936 0.012848 1
-0.143956 0.536973 4
0.199500 -0.064791 1
-0.865963 -0.347636 4
-0.199133 0.081393 1
0.847957 0.977355 2
-0.733512 -0.341044 4
-0.261574 -0.458785 4
-0.480941 0.725761 3
0.811701 -0.839229 3
0.061739 -0.143895 1
-0.619251 0.743889 3
-0.555101 -0.859432 2
-0.766839 -0.969359 2
0.299905 -0.454817 4
-0.836238 0.548692 3
0.914060 0.209082 4
-0.926511 0.683706 3
-0.517869 0.776727 3
0.507859 0.744438 2
-0.078463 -0.399213 1
0.153905 0.963317 4
-0.262673 -0.141942 1
-0.321085 0.786004 4
-0.885678 -0.453963 2
0.623768 -0.192663 4
0.449080 -0.776116 3
0.117588 -0.442183 1
-0.838191 0.473434 3
-0.802667 0.286660 4
0.104526 -0.362224 1
-0.244057 0.172643 1
-0.557054 0.697867 3
-0.151830 -0.727042 4
-0.195349 -0.586474 4
-0.489120 -0.757561 2
0.987732 -0.652699 3
-0.352641 0.672781 4
-0.129307 0.343913 1
0.139805 -0.939879 4
-0.390545 0.714957 4
-0.565477 0.165685 4
-0.012970 -0.976562 4
-0.351970 0.128391 1
0.166662 -0.775323 4
0.007843 -0.616382 4
0.315897 -0.746452 4
0.433943 0.473983 2
-0.109653 -0.802301 4
-0.478927 0.469344 3
0.022492 0.217078 1
0.359722 -0.815424 4
-0.283547 0.606983 4
0.775872 0.951048 2
0.648061 0.109897 4
0.936338 0.605945 2
-0.441572 -0.992431 2
0.094882 -0.128941 1
0.767510 -0.082980 4
0.807917 0.636158 4
0.459822 0.830744 2
0.465560 -0.893857 3
-0.629688 -0.979369 2
-0.274453 -0.443892 4
-0.437605 0.227821 4
0.640309 0.816157 4
0.401166 -0.671865 4
-0.803400 0.831477 3
0.829035 0.653737 2
0.881283 0.959532 4
-0.101718 -0.393597 1
0.996826 0.325541 4
-0.543199 -0.625294 2
-0.962523 -0.187414 4
0.167211 0.711417 4
-0.266579 -0.640614 4
0.920652 0.090854 4
-0.358928 -0.569750 4
0.426984 -0.600818 3
0.647328 0.057711 4
0.581591 -0.141758 4
-0.289224 0.985778 4
0.366436 -0.593005 4
0.839717 0.416486 2
0.800348 -0.499985 3
-0.049837 -0.073702 1
0.048250 -0.509201 4
-0.887082 -0.468612 2
-0.508408 -0.306925 4
-0.972839 -0.116794 4
0.598376 -0.892087 3
0.611927 0.423994 2
-0.942625 -0.082003 4
-0.375652 -0.726615 4
-0.882321 -0.568651 2
-0.546373 0.902524 3
-0.363262 0.459700 4
-0.055269 -0.470687 1
0.254067 0.383526 1
-0.467330 -0.104526 1
-0.390545 0.646535 4
-0.636464 0.895688 3
-0.127842 -0.622425 4
0.689749 -0.303812 4
-0.708914 -0.484909 2
-0.089084 0.729972 4
-0.741997 0.452620 3
0.431379 -0.446455 4
0.757256 0.088168 4
0.275002 0.244423 1
-0.703238 -0.508652 2
0.387555 -0.950682 4
-0.266823 -0.546190 4
0.011261 0.627003 4
-0.939756 0.207190 4
-0.304788 0.697317 4
0.489181 -0.167760 4
0.647023 0.478439 2
0.242164 0.588183 4
0.495468 0.202612 4
-0.324870 0.818964 4
-0.632496 -0.496506 2
-0.121372 0.485763 4
-0.269570 -0.180700 1
0.036164 -0.009308 1
-0.027924 0.393475 1
0.791498 0.035432 4
0.429975 -0.757561 3
-0.057283 0.062899 4
0.786493 -0.162206 4
0.191137 -0.403119 1
0.672781 -0.526902 3
-0.323771 -0.215674 1
0.220618 0.601856 4
-0.122166 0.901120 4
-0.588488 0.093539 4
0.404889 0.758599 2
-0.342082 -0.391339 4
0.477706 0.092380 4
-0.651295 -0.609912 2
0.789178 -0.621754 3
0.364238 -0.037751 1
-0.848628 0.351909 4
0.050508 -0.239051 1
-0.846614 0.060091 4
0.103549 -0.150365 1
-0.787042 0.791070 3
-0.513535 -0.153111 4
0.161290 0.968322 4
0.149083 0.259377 1
-0.903500 -0.698111 2
-0.817133 -0.177892 4
-0.067171 0.413862 1
0.375103 0.454024 4
-0.892148 0.051912 4
-0.823420 -0.717521 2
0.540147 -0.883297 3
-0.880490 -0.866268 2
-0.601001 -0.689077 2
-0.043245 0.169286 1
-0.180212 0.519333 4
-0.497177 0.229347 4
-0.397687 0.297708 1
-0.416791 0.165380 1
-0.561022 0.338054 4
0.891537 -0.738884 3
-0.436811 0.733146 4
-0.832392 -0.998474 2
-0.847041 -0.459761 2
-0.806024 -0.797845 2
-0.392987 -0.211646 1
0.905087 -0.889340 3
0.191809 -0.064791 1
0.675771 -0.217505 4
-0.220679 0.115024 1
-0.155248 -0.933042 4
-0.287210 0.565294 4
0.981445 -0.827387 3
0.495895 -0.355632 4
-0.414106 -0.752312 2
-0.742302 0.085543 4
0.051607 -0.016511 1
0.040559 0.844356 4
-0.913022 0.155126 4
-0.849239 -0.680837 2
0.621693 0.519517 2
-0.651906 0.120273 4
0.776055 0.836604 2
-0.224158 -0.823664 4
0.990173 -0.775750 4
-0.489914 -0.951659 2
-0.851314 -0.161229 4
-0.330241 0.123508 1
-0.256264 -0.745781 4
0.440474 0.128147 1
0.042879 0.135838 1
-0.630116 0.391217 4
-0.872372 -0.880856 2
0.138768 0.742241 4
-0.224281 0.466536 4
0.953063 -0.892331 3
0.747246 0.326395 4
0.989319 0.010773 4
0.332194 0.519578 4
0.202918 -0.454268 4
0.289346 -0.033662 1
0.531724 0.227515 4
-0.208716 0.404523 1
-0.655568 0.670156 3
0.951048 -0.822382 3
-0.857112 -0.434492 2
0.178625 -0.155553 1
-0.718192 0.173620 4
0.262368 -0.572497 4
0.065889 -0.259560 1
-0.068209 -0.470748 1
-0.722160 -0.811274 2
-0.008393 -0.452986 1
0.223792 -0.682546 4
-0.833064 0.066927 4
-0.987671 -0.137547 4
-0.180334 -0.542528 4
-0.742912 0.350749 4
0.933226 0.969237 2
0.956969 -0.017731 4
0.471603 -0.474715 3
-0.779534 -0.957274 2
0.643055 -0.889401 3
0.003632 -0.160253 1
0.993042 -0.515976 3
0.377483 0.109714 1
0.866390 -0.902707 3
0.284890 -0.479049 4
-0.141942 -0.140294 1
-0.469832 -0.457625 2
-0.325419 0.983459 4
0.122715 -0.191137 1
0.596912 -0.162389 4
0.322062 -0.551378 4
-0.276467 -0.226966 1
-0.956114 0.887753 3
-0.369121 0.508652 4
-0.049532 -0.334635 1
0.262123 0.144444 1
-0.200537 0.034822 1
-0.998535 -0.569140 2
-0.273293 -0.172338 1
-0.746086 0.834651 4
-0.674856 0.488815 3
-0.318400 -0.553636 4
-0.078036 0.582324 4
-0.199927 0.121555 1
-0.418744 0.680532 3
0.156468 -0.311624 4
0.334880 -0.366375 1
0.049837 0.841365 4
0.208289 0.015046 1
-0.038667 -0.282205 1
-0.979797 -0.691397 2
0.787530 0.378338 4
-0.062593 0.392315 1
0.864132 0.726371 2
0.614734 -0.670949 3
-0.117649 0.065401 1
0.691153 -0.347453 4
-0.620472 0.743095 3
0.697989 -0.521653 3
-0.210791 -0.568590 4
-0.685903 0.136265 4
-0.696890 -0.217505 4
-0.373516 -0.149754 4
-0.712394 -0.265481 4
0.869442 0.543748 2
-0.047700 -0.127903 1
0.277383 -0.632801 4
-0.353435 0.217566 1
0.439192 0.283914 4
0.801813 -0.104587 4
-0.860164 0.255776 4
0.402570 -0.476119 3
-0.633473 0.498276 3
0.200964 0.189673 1
-0.807917 -0.833735 2
0.938597 -0.289163 4
0.876522 0.948302 2
0.861385 0.834468 2
0.000641 0.625050 4
-0.949095 -0.701712 2
-0.986938 0.953917 3
-0.199683 0.569628 4
-0.520310 -0.494613 2
0.692557 0.789972 2
-0.169225 -0.430280 1
-0.570177 0.279275 4
0.748466 0.206580 4
0.079012 -0.895444 4
0.776727 -0.812372 3
-0.522813 -0.020112 4
0.523484 -0.773614 3
0.345439 0.355327 4
-0.797662 -0.247963 4
0.425092 -0.750298 3
0.483627 0.816584 2
-0.058077 -0.586474 4
-0.058504 -0.223548 1
0.158910 0.037202 1
0.045076 0.406964 1
0.954466 -0.303873 4
0.891842 -0.651906 3
0.508347 -0.214515 4
-0.015595 -0.512742 4
0.539293 -0.387860 4
0.538194 -0.691702 3
-0.628529 -0.188513 4
-0.653737 0.633473 3
-0.341960 -0.892209 4
0.354656 -0.203833 1
-0.892270 0.875668 3
-0.925718 0.365459 4
0.301187 0.746086 4
0.023225 0.343181 1
0.888546 0.880917 2
0.801569 0.525132 2
-0.613025 0.759148 3
0.405988 0.705618 2
-0.308267 0.638295 4
0.239174 -0.139195 4
0.524277 0.511338 2
0.209082 0.623707 4
-0.370891 0.636097 4
-0.400067 0.506821 3
-0.174718 -0.190771 1
-0.724784 -0.307230 4
0.292398 0.750603 4
0.494430 -0.955626 3
0.957518 0.497055 2
0.443281 -0.463546 3
-0.193274 -0.164586 1
-0.262612 0.832820 4
-0.379192 -0.225074 1
0.910825 -0.532823 3
-0.721061 -0.872005 2
-0.497971 -0.702933 2
0.638234 -0.322916 4
-0.961241 -0.177160 4
0.327433 0.409162 4
0.258950 0.860286 4
-0.153233 0.147923 1
-0.465194 0.167089 1
0.381451 0.854488 4
-0.061861 -0.792047 4
-0.022065 0.152745 1
0.953063 0.539781 2
-0.561815 -0.485519 2
-0.249062 -0.427656 1
0.712272 0.261940 4
0.447737 0.945921 2
0.963683 -0.638417 3
0.109836 0.723014 4
0.098483 -0.855525 4
-0.281838 -0.729240 4
0.625782 -0.159886 4
-0.916929 -0.647816 2
-0.476913 -0.590075 2
-0.916990 0.807733 4
-0.452986 -0.141331 1
0.822504 0.542955 2
-0.582202 -0.765435 2
-0.379681 -0.412946 4
-0.235450 0.160802 1
0.400800 -0.994324 3
-0.106723 -0.788751 4
0.312052 0.693350 4
0.583911 -0.987793 4
0.497055 0.772515 2
-0.514084 0.858882 3
0.129612 -0.241859 1
-0.484481 0.142247 4
0.367168 0.035554 1
0.205481 0.229041 1
-0.001556 0.816401 4
0.480819 0.875912 2
0.537034 0.818110 2
0.070833 -0.950926 4
0.579455 0.713187 4
0.974425 -0.604236 3
-0.344462 0.164281 1
-0.678091 0.836909 3
0.803095 -0.750908 4
0.872189 -0.930296 3
0.945860 0.536668 2
-0.505478 0.425459 4
-0.903439 -0.748527 2
0.570177 0.782830 2
0.691275 0.107822 4
-0.454146 0.336589 4
0.238563 -0.241676 1
-0.856258 -0.789727 2
0.193945 0.634144 4
0.218909 0.438154 1
-0.219153 0.503830 4
0.213477 -0.030122 4
-0.355937 -0.400983 4
0.831904 0.325114 4
0.973998 0.891354 4
0.205725 -0.409894 1
-0.663930 0.313517 4
-0.318400 0.860042 4
0.134312 -0.356975 1
0.695181 -0.767083 3
0.670461 0.660939 2
0.247169 0.311624 1
-0.610340 0.311930 4
-0.483444 0.107395 1
0.378216 0.173803 1
0.382183 -0.471480 4
0.741691 0.845332 2
0.334513 -0.487594 4
0.405438 0.130406 1
0.682546 -0.414960 3
0.381817 0.386273 4
-0.643788 -0.554125 2
0.895199 0.358074 4
-0.782281 0.338115 4
-0.800775 -0.499191 2
0.877926 0.717704 2
0.705130 -0.568590 3
0.813044 -0.669118 3
0.417096 -0.981201 3
0.349528 0.504196 4
0.897397 -0.047945 4
0.069185 -0.517747 4
0.295328 -0.325114 1
0.647206 0.281716 4
-0.361309 -0.401532 4
0.309183 0.998596 4
0.837581 -0.261574 4
0.239784 0.075900 4
-0.051668 -0.367534 1
-0.363140 -0.054292 1
0.439253 0.818781 4
0.937986 -0.034089 4
0.730766 -0.449751 3
0.297708 0.918760 4
-0.585009 -0.966002 2
-0.087802 0.779046 4
0.531602 -0.434309 3
0.526719 0.246620 4
0.341655 -0.269387 1
-0.331706 0.914853 4
0.453291 -0.387188 4
-0.927305 -0.829951 2
0.156041 0.940794 4
0.667226 -0.764458 3
-0.331767 0.555895 4
-0.413923 -0.571215 2
-0.056368 -0.233558 1
0.276955 0.960570 4
-0.032014 0.293130 4
-0.943541 0.697073 3
-0.643605 0.875851 3
0.744011 0.501633 2
0.783807 0.443648 2
-0.510239 0.303934 4
-0.403119 -0.698904 2
-0.128208 0.177831 4
-0.881466 0.302530 4
-0.989868 0.676687 3
-0.093905 0.724418 4
-0.906247 0.746574 3
-0.174535 -0.245643 1
-0.424177 0.943663 3
-0.506943 -0.560778 2
0.628407 0.688345 4
0.672658 -0.169897 4
-0.504807 0.135655 4
-0.156529 -0.824335 4
0.403546 0.183142 1
-0.370525 0.596789 4
-0.068331 0.421796 1
-0.656301 0.976012 3
0.438337 0.715690 2
0.814203 -0.933836 4
-0.416059 -0.181982 1
-0.839595 -0.691336 2
-0.630848 0.246986 4
0.538072 0.811151 2
0.729850 0.806513 2
0.309732 0.608325 4
0.807855 0.889950 2
-0.114414 -0.024201 1
0.820673 0.301798 4
0.856929 -0.571581 3
0.219214 -0.973815 4
-0.733207 -0.631947 2
0.814081 -0.597339 3
-0.818842 0.395550 4
0.005951 0.802301 4
-0.620045 -0.678091 2
0.432478 0.366619 4
0.245582 -0.848567 4
-0.512192 0.941404 3
0.021760 -0.983520 4
-0.464949 -0.756096 2
0.807123 0.470687 2
-0.536973 -0.190161 4
-0.816950 0.939390 4
-0.209693 -0.389508 1
0.506577 0.742180 2
0.038789 0.674795 4
-0.133335 0.182531 1
-0.163244 -0.165380 1
0.774834 -0.999084 3
-0.580554 0.090365 4
-0.934202 -0.742485 2
0.119907 -0.682607 4
0.492111 -0.301492 4
0.338603 -0.649403 4
0.340068 0.117588 1
0.591906 0.142552 4
0.340007 -0.601001 4
-0.176366 -0.053377 1
0.426252 0.074496 1
-0.537522 -0.425703 2
0.781243 0.588244 2
0.979797 0.964293 2
-0.677480 -0.702872 2
0.188086 -0.159459 1
-0.393658 0.783990 4
0.480819 -0.638417 3
0.281838 0.580126 4
0.886166 0.638234 2
-0.015595 0.134312 1
0.454756 -0.937864 3
-0.846126 -0.931211 2
-0.636219 0.799188 3
0.954955 -0.308084 4
0.451338 -0.197363 1
-0.488388 0.629505 3
-0.053743 0.553575 4
-0.701590 -0.448653 2
0.178930 -0.328532 1
-0.999512 0.551012 3
-0.705679 0.828608 3
0.724174 -0.962706 3
0.699026 0.276589 4
-0.651723 -0.733573 2
-0.603076 -0.980651 2
-0.689200 0.131260 4
0.764336 0.479720 2
-0.527879 0.781426 3
0.927671 -0.329203 4
-0.860530 0.323649 4
-0.010163 -0.365825 1
0.120701 0.497055 4
-0.848567 -0.493759 2
-0.945250 0.079379 4
-0.457198 0.264565 4
-0.510544 0.115207 4
-0.429731 -0.758049 2
0.492904 -0.895566 3
0.040071 -0.875179 4
0.245643 0.312845 1
-0.506272 -0.376141 4
-0.686453 0.600269 3
-0.660329 0.573412 3
-0.598926 0.873714 3
0.723563 0.124546 4
-0.427168 -0.305704 4
-0.085055 -0.798578 4
-0.529771 0.964476 3
-0.461287 -0.262062 4
0.175573 -0.766411 4
0.497299 -0.346843 4
0.350810 -0.757256 4
-0.830988 0.309305 4
0.343730 -0.870418 4
-0.323038 0.574755 4
0.364299 0.485031 4
0.943907 -0.162572 4
0.838740 0.440413 2
0.147923 0.629810 4
-0.105258 0.421125 1
-0.695120 0.187658 4
0.875607 0.379742 4
-0.715567 -0.481552 2
0.062166 -0.536424 4
0.869503 0.651906 2
-0.334758 -0.561510 4
0.737907 -0.061739 4
-0.131321 -0.981079 4
0.731803 -0.205969 4
0.524033 0.807794 2
0.739860 -0.576403 3
0.255104 -0.931578 4
0.190344 -0.981628 4
0.486373 -0.710990 3
-0.199561 0.001862 1
0.504990 0.706107 2
-0.911557 0.297647 4
-0.640431 -0.118442 4
-0.511826 0.603320 3
-0.566515 0.320780 4
0.955931 -0.501022 3
-0.843013 -0.768120 2
0.979614 0.162267 4
0.799921 -0.889218 3
0.138157 -0.254982 1
-0.152257 0.134739 1
-0.934324 0.347575 4
-0.621082 0.617908 3
-0.898068 0.247719 4
0.360454 0.271889 4
0.303323 -0.141026 1
-0.869076 -0.032014 4
-0.895871 -0.947935 2
0.778314 -0.622730 3
0.998108 -0.772149 3
-0.093539 -0.493149 4
0.410993 -0.872189 3
0.663076 0.014740 4
-0.292947 0.059053 1
0.123814 0.517685 4
-0.744072 0.246193 4
-0.554796 0.157018 4
-0.051241 -0.348186 1
-0.143223 -0.292215 1
-0.276589 0.079073 1
-0.181188 0.752922 4
-0.192846 0.936949 4
-0.230262 0.153356 1
-0.254799 0.958678 4
0.076449 0.470138 1
0.117893 0.667959 4
0.338359 -0.612659 4
-0.601550 -0.265358 4
0.324320 0.801508 4
-0.075716 -0.196142 1
0.792596 0.320719 4
0.691458 -0.833430 3
0.513230 -0.277932 4
0.890194 -0.979675 3
0.219825 -0.317911 4
-0.974975 0.288736 4
-0.776849 -0.915708 2
-0.642994 -0.712149 2
0.266030 -0.334330 1
-0.481857 0.185339 4
-0.859859 -0.061007 4
-0.266396 0.453352 4
-0.128208 -0.527879 4
0.382916 0.613392 4
0.160863 0.969726 4
-0.095065 -0.236732 1
-0.519089 0.433149 3
0.538926 -0.089511 4
0.064730 0.228004 1
0.348064 -0.733940 4
-0.840571 -0.595752 4
-0.346904 -0.374248 4
-0.310770 -0.643422 4
-0.357463 0.030427 1
0.062166 0.115452 1
-0.207129 0.310221 1
0.547044 0.488693 2
0.063265 0.117588 1
-0.315592 -0.834346 4
0.879574 -0.094516 4
-0.178503 -0.989746 4
-0.057772 0.245399 1
0.336222 0.350383 1
-0.868954 -0.832759 2
0.679373 0.373699 4
0.487716 0.080905 1
-0.722892 0.007294 4
0.679556 -0.438337 3
0.836604 0.148595 4
-0.252052 -0.900449 4
-0.051912 -0.929807 4
-0.447676 0.071444 1
-0.683950 -0.500229 2
-0.593249 0.948302 3
0.739006 0.517075 4
0.204627 0.350139 1
0.334086 -0.722526 4
-0.901364 -0.750420 2
0.728568 -0.100314 4
-0.210974 0.661489 4
0.253090 0.908811 4
-0.068697 -0.214515 1
0.834529 -0.356365 4
0.351970 0.040742 1
0.538682 -0.722709 3
-0.098178 0.996765 4
-0.188574 0.804682 4
0.143040 -0.882626 4
0.657704 -0.221412 4
0.896115 -0.263222 4
-0.466475 0.969787 3
0.224952 -0.965758 4
-0.144871 0.738701 4
-0.043367 0.216834 1
-0.999390 -0.009552 4
-0.428083 0.902768 3
-0.251869 -0.616138 4
0.508225 -0.920530 3
-0.496567 0.235511 4
0.844111 -0.770074 3
0.672903 0.548265 2
0.227577 0.539720 4
0.387494 -0.949644 4
0.024567 -0.243385 1
-0.276406 0.307291 1
-0.754631 0.528611 3
-0.148778 0.111850 4
0.108127 -0.857662 4
-0.579638 -0.275307 4
-0.632191 -0.220740 4
0.217811 -0.635914 4
0.027375 0.936094 4
0.943419 0.900143 2
0.004669 0.791498 4
0.115879 0.224342 1
-0.994995 -0.731132 2
0.870479 0.504929 2
-0.507248 0.612720 3
-0.990844 -0.254006 4
-0.480148 0.707877 4
-0.642994 0.993713 3
-0.499313 0.372845 4
0.510361 0.426008 2
-0.927305 -0.293374 4
0.694327 0.679556 4
-0.796564 -0.489425 2
-0.081881 -0.656056 4
-0.058870 0.091342 1
0.183874 0.859676 4
0.914121 -0.371075 4
0.413984 -0.678701 3
-0.890011 0.019745 4
0.266640 -0.820795 4
-0.140172 -0.083651 1
-0.642872 -0.212745 4
-0.434797 0.849971 3
-0.157384 -0.578539 4
-0.209876 -0.927305 4
-0.885678 0.039277 4
-0.862178 -0.643239 2
-0.279824 0.910520 4
-0.895627 -0.324015 4
-0.137791 0.585559 4
0.087374 -0.266213 1
0.131199 -0.284829 1
-0.813166 -0.071810 4
0.799982 -0.742912 3
-0.390118 0.817499 4
-0.749504 0.841548 3
-0.364483 0.717704 4
-0.790399 -0.223121 4
0.460067 0.971862 2
0.656423 -0.399823 4
0.073824 0.935362 4
-0.198157 -0.526658 4
-0.126377 0.070345 1
0.670461 -0.661794 3
-0.769036 0.981811 4
-0.216529 -0.173681 1
-0.021516 -0.986267 4
-0.486618 -0.279580 4
0.980346 -0.595508 3
0.086276 0.531846 4
-0.118748 0.219642 1
-0.784967 0.750175 4
0.021271 0.600208 4
0.192602 0.774590 4
0.617115 -0.477340 3
0.215735 0.715079 4
0.893979 0.521592 2
0.996643 0.394513 4
-0.849300 0.922544 3
-0.403790 -0.753533 2
-0.986938 0.326029 4
-0.862117 0.635914 3
0.615162 0.616749 2
0.874752 -0.320353 4
-0.591052 0.902158 3
-0.754448 -0.834712 2
0.976562 -0.243629 4
0.307291 -0.098056 1
-0.137120 0.213599 4
-0.470443 -0.952940 2
-0.687490 0.361797 4
-0.370586 -0.122959 1
0.124729 0.396405 1
-0.842524 0.363384 4
-0.109226 -0.163976 1
0.177648 -0.967467 4
-0.099887 0.547838 4
0.854122 0.165685 4
-0.763787 0.513352 4
0.326090 -0.301920 1
-0.705802 0.144017 4
-0.839473 -0.553331 2
0.374004 -0.319376 1
-0.822138 -0.218116 4
0.400800 -0.975829 3
-0.208228 0.818415 4
-0.564318 0.508713 4
0.447859 0.872982 2
-0.277627 0.878597 4
0.528733 -0.414777 3
0.816218 -0.668691 3
-0.526231 0.956847 3
0.110935 0.178076 1
-0.916623 -0.100620 4
0.069063 -0.290628 1
-0.705496 -0.068270 4
-0.085360 -0.517747 4
0.374187 0.684805 4
0.727653 0.717948 2
0.731620 -0.886654 3
0.019929 -0.935362 4
0.648122 -0.980895 3
0.239113 -0.106967 4
0.412458 0.915464 2
0.475265 -0.209204 4
0.889401 -0.340068 4
-0.800043 0.276528 4
-0.327494 -0.107028 1
-0.615955 -0.811274 2
0.949828 0.402570 2
-0.920896 -0.004242 4
0.273782 -0.662831 4
-0.244240 -0.352214 1
0.839412 -0.042085 4
0.617176 -0.183630 4
-0.122837 0.608020 4
0.999878 0.684072 2
0.615101 0.037385 4
0.088778 -0.895566 4
-0.793634 -0.607227 2
0.753533 0.209693 4
-0.696097 0.331767 4
-0.383892 -0.362651 4
-0.159337 0.078097 1
-0.272439 0.743400 4
0.299844 0.072787 4
0.720206 -0.301309 4
0.573717 0.422040 4
-0.739921 -0.499741 2
-0.330424 0.863948 4
-0.701895 -0.103122 4
-0.723014 -0.284341 4
0.264565 0.297830 1
0.806940 0.467940 2
-0.786187 -0.856990 2
0.204138 0.619251 4
-0.740410 0.215674 4
-0.128025 0.239540 1
0.689322 0.227271 4
-0.326029 -0.137669 1
0.168859 0.946959 4
-0.547166 -0.110141 4
0.684378 -0.570666 3
0.070833 -0.005463 1
-0.422773 -0.221473 1
0.888058 0.270119 4
-0.548082 -0.397137 4
-0.902341 -0.625538 2
0.132481 0.137913 1
0.685476 -0.137303 4
0.456771 -0.831172 3
0.221473 0.584643 4
-0.222205 0.643239 4
-0.521897 -0.333293 4
-0.155004 0.457381 4
-0.752861 0.459395 3
-0.495041 0.595691 3
0.950804 0.165441 4
0.652028 -0.165746 4
0.957884 -0.086215 4
-0.686087 0.850154 3
-0.821772 -0.936521 2
-0.064364 -0.949400 4
0.759392 0.760979 2
-0.933226 0.002472 4
-0.189734 -0.519272 4
0.023286 0.252113 1
-0.734306 -0.295267 4
-0.075411 0.830683 4
-0.457747 -0.708853 2
0.059481 0.086276 1
0.763726 0.696036 2
-0.947386 0.927427 3
-0.691885 -0.706778 2
-0.958312 -0.655141 2
-0.505905 -0.160375 4
-0.716361 0.461592 3
-0.366070 0.900449 4
0.532151 -0.421247 4
0.686514 0.039827 4
0.425092 -0.993774 3
-0.411542 -0.961974 2
0.232521 -0.876827 4
0.285501 -0.428999 4
-0.101657 0.370159 1
-0.230628 0.935362 4
0.609790 -0.029511 4
0.306070 -0.237648 1
-0.602161 -0.628834 2
0.762261 0.499069 2
-0.239479 -0.071993 1
-0.244850 -0.017304 1
-0.742729 -0.511643 2
-0.491012 0.956908 3
0.700247 -0.501083 3
0.057161 -0.885922 4
-0.790521 -0.669668 2
-0.975158 -0.542405 2
0.266640 -0.077242 1
0.920957 -0.299234 4
-0.770562 0.857967 3
-0.100253 0.316263 1
-0.176305 -0.186010 1
-0.414350 -0.038118 1
-0.853633 -0.702384 2
-0.977050 0.590686 3
0.953551 0.835566 4
-0.617054 -0.145604 4
0.712455 -0.315226 4
-0.032624 0.678396 4
0.324198 -0.154881 1
0.553392 0.375042 4
0.816645 -0.027680 4
0.471908 -0.380474 4
0.921384 -0.048555 4
-0.746574 0.287027 4
-0.469466 -0.356059 4
-0.541368 -0.204627 4
-0.170141 -0.081515 4
-0.307352 -0.538865 4
-0.326701 -0.231300 1
-0.977172 0.707999 3
-0.245827 0.354534 1
-0.663930 -0.983093 2
-0.416181 -0.565966 2
-0.166723 0.529954 4
0.464400 0.124180 1
0.111179 -0.547777 4
-0.212195 0.495956 4
-0.620167 -0.889157 2
-0.644520 -0.579882 2
-0.444014 0.948607 3
-0.753960 -0.417829 2
-0.493515 -0.871273 2
-0.692373 0.933348 3
0.846370 -0.959777 3
-0.126621 -0.712394 4
0.667165 -0.927305 4
-0.965636 -0.442854 2
-0.360698 -0.166723 1
-0.986694 -0.501694 2
-0.659047 0.746086 3
0.106845 0.065462 1
0.670400 -0.036470 4
0.558641 0.781610 2
0.046358 0.975829 4
-0.158727 -0.800104 4
0.042817 -0.519883 4
0.402570 0.780450 2
0.389080 0.217017 1
0.237220 -0.394513 1
0.144749 0.842402 4
0.910886 -0.450667 3
0.583667 -0.261147 4
0.154088 0.050813 1
-0.866207 0.217200 4
0.099765 0.768731 4
-0.115024 0.080966 4
0.913266 -0.628895 3
-0.075106 0.265114 1
0.209449 0.775994 4
-0.633106 0.465499 3
0.514023 0.572008 2
0.619678 0.602100 2
-0.641407 0.350566 4
-0.512986 -0.144871 4
0.649525 0.529771 4
-0.685110 -0.875973 2
0.969481 -0.810114 3
-0.127049 -0.657643 4
-0.288430 -0.272073 1
-0.772637 0.383221 4
0.648915 0.015107 4
-0.230201 0.558153 4
-0.028657 -0.534104 4
-0.927732 0.201392 4
-0.785028 0.242286 4
0.584704 -0.211951 4
0.122532 0.977599 4
0.633595 0.710562 2
-0.445174 0.158116 1
0.966430 0.482955 2
-0.623829 -0.101718 4
0.462691 -0.994873 3
0.002594 -0.463118 1
-0.141758 -0.148900 1
0.293619 0.516343 4
-0.355998 -0.403424 4
-0.076327 -0.363628 1
-0.039583 0.220801 1
0.544420 -0.752861 4
0.564257 -0.144932 4
0.194617 0.509934 4
-0.959716 0.858821 4
0.778802 -0.231727 4
0.623157 0.627491 2
0.263955 0.572741 4
-0.471725 0.934446 3
0.799921 -0.748833 3
-0.177160 -0.781365 4
0.483016 0.359355 4
-0.164708 -0.684866 4
-0.775079 0.128697 4
0.174108 0.923582 4
-0.606006 -0.589648 2
-0.168432 -0.118381 4
0.821589 0.835017 2
-0.143773 0.297098 1
0.662221 0.224952 4
-0.077670 0.049898 1
0.708060 -0.044221 4
0.068209 0.350688 1
-0.659536 0.217872 4
0.158971 -0.811640 4
-0.396161 -0.773980 4
-0.490890 0.861080 3
0.153111 -0.382366 1
0.822687 0.616504 2
-0.681204 -0.186926 4
0.424665 -0.019074 1
-0.513230 0.243629 4
0.918516 -0.127232 4
0.667837 -0.677969 3
-0.842341 0.336772 4
-0.223914 -0.900449 4
0.016755 0.940733 4
0.998901 -0.038240 4
-0.859859 -0.196387 4
-0.028718 -0.279153 1
-0.120151 -0.882015 4
-0.477950 -0.691885 2
-0.735832 0.141942 4
0.774834 -0.786493 4
-0.688528 0.219153 4
-0.373394 0.102634 1
-0.431135 -0.313700 4
0.335978 -0.078158 4
0.666433 0.796136 2
0.373821 0.523850 4
-0.818171 -0.728385 2
-0.910764 -0.337382 4
-0.542711 -0.932554 4
0.353191 -0.631642 4
0.451704 -0.414350 4
-0.575060 -0.536973 2
-0.502487 -0.758904 2
0.089511 -0.419599 1
0.209449 -0.865719 4
0.879574 0.740226 2
-0.984497 0.919187 3
0.188147 0.565661 4
0.096408 -0.991760 4
0.532640 0.859554 2
0.180639 0.272805 1
-0.593921 0.728202 3
0.896054 -0.362468 4
-0.700919 -0.990722 2
-0.524583 0.673635 3
-0.164037 0.667592 4
0.807001 -0.278176 4
-0.197607 -0.670400 4
-0.646352 -0.530076 2
-0.608325 0.473495 3
0.595508 0.524277 2
0.518235 -0.767693 3
0.621326 0.594775 2
0.781426 -0.444441 3
-0.436567 -0.284097 4
-0.125217 -0.150060 1
-0.023103 -0.306314 1
-0.843135 0.445967 3
-0.728690 -0.041475 4
0.997620 0.551073 2
0.150060 -0.540513 4
-0.374248 -0.988281 4
0.951598 0.413007 2
0.786309 0.459700 2
-0.924741 -0.138707 4
0.815180 0.515671 2
-0.448531 0.361431 4
0.011444 0.915952 4
-0.462081 0.956053 3
-0.327311 -0.038972 4
0.342448 -0.870663 4
0.117466 -0.184484 1
-0.269265 0.969176 4
-0.305765 0.160375 1
-0.967223 -0.502976 2
-0.578784 -0.234046 4
0.157994 -0.667531 4
-0.235817 -0.036653 1
-0.677664 0.785882 3
0.391583 0.996277 4
-0.675710 -0.633412 4
-0.203040 0.082736 1
0.835810 0.808527 2
0.699149 0.958373 2
-0.352886 0.295144 1
0.366558 0.955809 4
-0.627735 0.869320 4
-0.277200 -0.442610 4
0.028169 -0.721000 4
0.512070 0.077486 4
0.409345 -0.996338 3
-0.798883 -0.051729 4
0.523484 -0.842952 3
0.906308 -0.755181 3
-0.202307 -0.357158 4
-0.284951 -0.163854 1
-0.452010 0.581713 3
0.575182 -0.851619 4
0.585437 0.891598 2
-0.309122 -0.781549 4
-0.946654 0.236366 4
0.355876 -0.251320 1
-0.091708 -0.392682 4
0.609973 -0.494308 3
0.115207 -0.177282 1
-0.720084 -0.124119 4
0.883847 -0.532456 3
-0.887204 -0.041108 4
0.368633 -0.495346 4
-0.929868 0.489181 3
-0.552599 0.212134 4
-0.314371 0.380291 1
-0.271218 0.496994 4
0.938597 -0.966186 3
-0.933409 -0.750053 2
0.615833 -0.003510 4
-0.166295 0.485824 4
-0.128208 -0.666066 4
-0.727897 -0.184118 4
0.905026 -0.530503 3
-0.352092 0.569140 4
0.593188 0.456954 2
0.943052 0.865780 2
0.826411 -0.025117 4
0.663076 -0.596179 4
0.387494 0.989074 4
0.282632 0.897702 4
-0.185766 0.283364 1
0.134068 -0.752617 4
0.976623 0.157933 4
0.424177 0.886349 2
0.372478 -0.215979 1
-0.212012 -0.418195 1
0.633778 0.240699 4
0.602039 0.517991 2
-0.308878 0.386700 1
0.442793 -0.993225 3
0.723136 -0.305399 4
-0.172399 0.913816 4
-0.343486 -0.760063 4
-0.025910 -0.909909 4
-0.147008 -0.552355 4
-0.994079 0.029328 4
0.943846 -0.796075 4
-0.933470 0.862545 3
-0.170385 -0.212806 4
0.432051 -0.083407 1
-0.120884 -0.985778 4
0.188452 -0.355266 1
0.599414 0.283425 4
0.602466 0.037568 4
-0.241310 0.074068 1
0.226295 0.893674 4
0.366619 0.185461 4
-0.717948 -0.184423 4
-0.687674 -0.186010 4
0.216712 0.756035 4
0.074801 -0.271828 1
0.761406 0.612598 4
-0.000641 0.554735 4
0.614124 0.016266 4
0.438765 -0.214148 1
0.242958 0.319926 1
0.823359 -0.188574 4
-0.469710 -0.873226 2
0.714774 0.311563 4
-0.705679 0.749382 3
0.354778 0.977416 4
0.385052 -0.992798 4
-0.603626 0.998840 4
-0.695059 -0.986938 2
0.647633 0.323527 4
0.403607 -0.698904 3
0.024262 0.604053 4
0.884274 -0.921201 3
0.737907 -0.748039 3
0.399640 0.777276 4
0.295938 0.365825 1
0.138585 0.688772 4
0.412397 -0.258461 1
-0.718863 -0.437544 2
-0.335978 -0.040132 1
-0.234962 -0.171178 1
-0.066195 -0.078646 1
-0.284158 -0.105380 1
-0.388958 -0.573412 4
-0.101352 -0.063265 1
0.410443 -0.288797 4
0.394940 -0.917844 4
-0.213904 -0.491317 4
0.651357 0.035127 4
0.498459 -0.533860 3
-0.668630 -0.641530 2
0.193701 -0.163549 1
-0.720511 0.978881 3
0.123020 -0.438154 1
-0.368633 0.318033 1
0.619922 -0.601794 3
-0.081698 0.002228 1
0.907041 -0.140538 4
0.175756 0.622364 4
-0.515183 0.733390 3
0.819453 0.755120 2
-0.006317 0.986450 4
0.648793 0.662709 2
-0.691824 0.285928 4
-0.969115 -0.985595 2
0.952208 0.371502 4
-0.647450 0.867611 3
0.975585 0.355083 4
-0.544725 -0.740715 2
0.451521 0.971007 4
-0.755913 -0.658010 2
-0.006928 -0.918455 4
0.224281 0.296609 1
0.392743 -0.375835 4
0.631825 -0.473373 3
0.917844 -0.093600 4
-0.672536 -0.874874 2
0.184667 0.974670 4
-0.029328 -0.436506 1
-0.848262 0.939512 3
0.432600 -0.774651 3
0.852107 -0.103916 4
-0.808283 0.056673 4
0.285745 -0.323588 1
0.834284 0.462325 2
-0.336344 0.359050 1
-0.995117 -0.085177 4
0.182653 -0.499802 4
-0.530503 0.789788 3
0.966430 -0.323160 4
0.611377 0.963073 2
-0.014069 -0.594470 4
-0.063143 0.942137 4
-0.084933 0.068026 1
-0.736198 -0.987793 2
-0.758721 -0.616627 2
0.457320 0.302408 4
0.783441 0.472091 2
0.112400 0.072481 4
-0.680837 0.903012 3
-0.286294 -0.866451 4
0.544847 0.557482 2
-0.227882 -0.601062 4
0.326151 0.929441 4
0.506943 -0.639699 3
-0.589587 -0.142186 4
0.051729 0.056795 1
-0.309183 0.913511 4
0.165624 -0.910581 4
-0.988586 -0.025056 4
-0.720695 0.693655 3
-0.385418 -0.808161 4
-0.352458 -0.944151 4
-0.086764 0.785455 4
-0.336650 -0.793878 4
-0.428205 0.234901 1
0.269936 0.181921 4
-0.850215 0.589221 3
0.126865 -0.011078 1
-0.950926 -0.820429 2
0.006012 0.437666 1
-0.535813 -0.863826 2
-0.949339 -0.547410 4
0.709891 -0.914792 3
0.285684 0.188879 1
0.944517 -0.529832 3
0.365581 -0.500473 4
-0.827265 -0.650868 2
-0.762932 0.221656 4
0.740898 -0.473983 3
-0.571459 -0.356548 4
-0.409894 0.719962 3
0.307962 -0.370464 1
-0.446944 -0.581530 2
0.122654 -0.538743 4
-0.784539 -0.653493 2
0.202490 -0.248085 1
0.574267 -0.639943 4
-0.384198 0.064730 1
0.146275 -0.701163 4
-0.927244 -0.649525 2
-0.420270 0.145116 1
0.218848 0.278787 1
0.430036 -0.000275 1
0.901181 -0.788385 4
-0.152501 -0.862423 4
0.777093 0.214637 4
-0.278542 0.003632 1
-0.988220 -0.638234 2
0.598559 -0.298929 4
-0.964232 -0.075411 4
0.677664 -0.439131 3
0.648549 -0.915952 3
0.644093 -0.993530 3
-0.584887 -0.173132 4
0.279092 -0.595264 4
-0.443220 0.922666 3
-0.072909 0.157323 1
-0.366924 0.587146 4
0.264138 0.198279 1
0.506455 0.863399 2
0.646352 -0.432051 3
0.613147 -0.855586 4
0.864009 0.078951 4
0.694449 -0.122532 4
0.649709 -0.465987 3
-0.884701 0.569506 3
-0.974059 0.738701 3
-0.037263 -0.984252 4
0.784173 0.931333 2
-0.473312 0.442488 4
-0.686941 -0.523850 2
0.771233 -0.758171 4
0.891049 -0.019196 4
0.249733 -0.562487 4
0.666005 -0.340495 4
-0.139012 0.190283 1
0.132786 0.018586 1
-0.873897 0.802240 3
-0.783502 -0.963256 2
0.547716 -0.961486 3
0.339457 0.205908 1
-0.667165 0.418622 3
0.339335 0.331034 1
-0.419904 -0.320353 4
0.062044 0.119297 1
0.188696 0.134251 1
0.128697 -0.441145 1
-0.496384 -0.616932 2
0.020600 0.156163 1
0.308084 0.049898 1
-0.510361 0.508469 3
0.464217 -0.868587 3
-0.365886 0.694998 4
-0.459395 0.451888 3
-0.971129 0.815485 3
0.392315 0.820307 4
-0.679556 -0.053438 4
-0.867367 -0.923338 2
-0.065218 0.074190 1
-0.497971 -0.491073 2
0.252419 -0.565844 4
0.549486 0.394635 4
-0.967589 -0.578600 2
0.045442 -0.090487 1
0.259316 -0.959838 4
0.394940 0.601123 4
-0.797296 -0.969909 2
-0.743034 -0.698172 2
-0.440291 0.556688 3
-0.133763 -0.998291 4
-0.648488 0.951109 3
0.427900 0.061251 1
-0.985351 -0.322611 4
0.181616 -0.519700 4
-0.882382 -0.260414 4
0.046419 -0.012360 1
0.586901 -0.631397 4
0.417646 0.735527 2
0.506272 0.304971 4
-0.057894 -0.377422 1
0.695242 0.556139 2
-0.805231 0.975158 3
-0.364177 -0.580248 4
0.371563 0.742180 4
0.151036 -0.933164 4
0.648000 -0.245216 4
0.785638 0.327372 4
0.983032 -0.786676 3
-0.636280 0.761162 4
0.119297 0.648366 4
-0.068392 0.883847 4
-0.402692 0.400739 3
0.504074 -0.205969 4
0.011811 -0.561693 4
-0.041780 0.673269 4
-0.257241 0.311991 1
-0.689016 -0.056246 4
-0.760186 -0.486984 4
0.733146 -0.467147 3
0.881649 0.668935 4
0.231361 -0.057161 1
0.715751 -0.841670 3
0.233314 0.925718 4
0.265175 -0.908444 4
-0.421247 0.751885 3
0.308084 0.431440 4
-0.091403 0.598559 4
0.355449 0.583728 4
0.399701 -0.289041 1
-0.289163 0.303995 1
0.471847 -0.037202 4
0.750664 -0.494247 3
-0.266274 -0.490890 4
0.659902 -0.237159 4
-0.698172 0.634938 3
0.552232 0.224342 4
-0.043794 0.905759 4
0.934751 -0.445479 3
-0.352702 -0.424909 4
0.110691 -0.375530 1
0.890439 -0.854915 3
-0.417280 0.262490 1
0.818781 -0.739250 3
0.087802 -0.326884 1
0.376507 0.998779 4
-0.196204 -0.596912 4
-0.443342 0.332743 4
0.772759 -0.779778 3
-0.014924 0.374737 1
0.932493 -0.770440 3
-0.237342 -0.848323 4
-0.410138 -0.773492 2
-0.436933 -0.569445 2
-0.044710 -0.070162 1
0.781365 -0.297647 4
-0.265175 0.603687 4
-0.701163 -0.872127 2
0.000885 -0.093783 1
-0.579394 0.282449 4
-0.122166 0.856075 4
0.994201 0.165502 4
0.239784 -0.174413 1
-0.102023 0.414777 1
-0.129856 0.709952 4
-0.768731 0.229408 4
0.632679 0.125401 4
0.899350 0.419050 2
0.392438 0.919309 4
0.121555 0.496261 4
-0.037080 0.665273 4
-0.060335 -0.918332 4
-0.518174 0.434187 3
0.323771 -0.671499 4
0.592700 0.209632 4
0.210974 -0.139134 1
-0.124607 0.120518 1
0.019501 0.098483 4
0.378094 0.431074 4
0.106723 -0.936644 4
0.107639 -0.782281 4
0.533067 -0.921445 3
-0.816828 0.119419 4
0.609119 0.432966 2
-0.700797 0.722221 3
0.283059 0.335673 1
0.428266 0.286355 4
0.727531 -0.414777 3
0.574694 0.884152 2
-0.245582 -0.433210 1
-0.888974 -0.148473 4
0.174841 0.728324 4
-0.953307 -0.994690 2
-0.823603 -0.186254 4
0.738273 0.598621 2
-0.530320 -0.894406 2
-0.695975 0.724845 3
-0.404401 0.993957 3
0.604663 -0.912290 3
0.652394 -0.400311 3
0.340922 0.980773 4
-0.968749 0.185583 4
-0.142918 0.213233 1
0.800897 0.932615 2
0.865474 -0.164830 4
0.399701 0.603931 4
-0.218543 0.092868 1
-0.464522 -0.097690 1
0.924497 -0.650075 3
0.895627 0.206153 4
0.749931 0.976867 2
0.699576 -0.908750 3
0.782098 0.700552 2
-0.481185 -0.136448 4
-0.734977 -0.136448 4
-0.597156 0.485580 3
0.989685 -0.283975 4
0.431806 0.036653 1
-0.459639 -0.489425 2
0.616382 0.441084 4
0.585070 0.032075 4
0.837703 -0.107639 4
-0.947813 -0.473434 2
0.504624 0.435591 2
-0.642262 0.044710 4
-0.934935 -0.200354 4
0.502731 0.233863 4
0.684622 -0.957274 3
-0.881771 0.852657 3
-0.453047 -0.858028 4
-0.369854 0.987243 4
0.597644 -0.432905 3
-0.091098 -0.624928 4
0.382244 0.383465 4
-0.695853 -0.362468 4
0.181555 0.775750 4
0.093173 -0.167089 1
0.166417 -0.673879 4
-0.655995 0.827693 3
0.032014 -0.834101 4
0.261940 -0.219275 1
-0.220313 0.496994 4
0.496811 -0.192541 4
-0.760979 0.205115 4
-0.106784 -0.122898 1
-0.181127 -0.399823 1
0.013459 -0.544237 4
0.086825 0.980956 4
0.703665 -0.419416 3
-0.637806 -0.025605 4
-0.740165 -0.802240 2
-0.195288 -0.300943 1
-0.371380 -0.040925 1
0.753227 0.990722 2
0.800409 -0.496811 3
0.556017 0.466292 2
-0.631092 -0.200110 4
0.091342 -0.670217 4
-0.607959 0.654775 3
-0.147252 0.796014 4
-0.558763 0.208228 4
0.117954 -0.924619 4
0.325907 -0.526292 4
0.584155 0.273843 4
-0.329875 -0.118870 1
-0.816462 -0.438093 2
-0.446272 0.689627 3
0.844966 -0.178564 4
-0.941038 0.245277 4
0.984924 0.912839 2
-0.962523 0.642140 3
0.752922 -0.005097 4
-0.022980 0.644887 4
0.759087 0.208716 4
-0.241127 0.002533 1
0.441511 -0.244240 4
0.600757 0.768487 2
0.622181 0.221534 4
-0.173681 -0.797784 4
0.416364 0.152867 1
-0.453841 0.500961 3
-0.260048 -0.347697 1
0.117466 -0.744316 4
0.462081 0.350871 4
-0.369243 0.389386 4
0.017975 0.810663 4
0.894223 -0.334452 4
0.287454 0.444990 4
0.700919 0.909116 4
0.998901 -0.326762 4
-0.172399 0.097079 1
0.096713 0.497604 4
0.463851 -0.281289 4
0.653981 0.258644 4
0.871090 -0.490341 3
0.273598 0.235084 1
-0.739128 -0.909848 2
-0.242836 0.255715 1
0.417768 -0.566576 3
0.366741 0.842891 4
-0.280557 0.702628 4
0.528489 -0.156224 4
0.181860 -0.923338 4
0.562792 -0.704947 3
-0.778314 -0.013215 4
-0.766289 0.641774 3
-0.761162 0.954161 3
-0.164281 0.657033 4
0.126804 -0.791925 4
-0.569811 0.723319 3
0.664113 0.721488 2
-0.040681 0.797784 4
-0.315226 -0.525376 4
-0.456954 0.636280 3
-0.793512 -0.095492 4
-0.429670 0.950743 3
0.579333 0.859493 2
-0.538316 0.363323 4
-0.565294 -0.789483 2
-0.529954 0.558702 3
0.036836 0.822993 4
-0.156224 0.161534 1
0.793329 -0.890866 3
-0.648488 -0.157628 4
0.439558 0.123936 1
0.812555 -0.781549 3
-0.992798 -0.629994 2
-0.859859 0.528428 3
-0.620228 0.405988 4
-0.262673 -0.938047 4
0.270791 0.245399 1
-0.864925 0.175329 4
0.093600 0.647755 4
0.782891 -0.338359 4
-0.340617 0.984436 4
0.138951 0.534654 4
0.210242 0.663442 4
-0.083956 -0.841182 4
0.201880 0.366924 1
-0.237037 -0.615223 4
-0.243934 0.841975 4
0.056978 -0.836482 4
0.049837 0.944762 4
0.096042 0.274575 1
0.349345 0.311686 1
0.061922 0.554796 4
0.182775 -0.323038 1
0.924009 -0.384747 4
0.524461 0.718558 2
0.226478 -0.277444 1
0.085482 0.647389 4
-0.312784 -0.443098 4
-0.877743 -0.195288 4
-0.005280 0.188757 1
-0.164525 0.551866 4
0.364727 0.087741 1
-0.315836 -0.023896 1
0.564013 -0.455733 3
0.038789 0.642140 4
0.470321 0.794061 2
-0.211890 0.044954 1
0.070711 0.640492 4
0.049837 -0.185461 1
0.350749 -0.283242 1
0.262978 -0.663869 4
0.046541 0.971374 4
-0.085055 0.530808 4
-0.028840 -0.255593 1
0.219581 0.344218 1
0.830988 -0.814753 3
0.475509 0.257912 4
-0.622852 -0.022309 4
0.835749 -0.871395 3
0.628834 0.662893 2
-0.931211 0.115696 4
0.019501 0.504685 4
-0.167638 -0.365276 1
-0.100314 -0.901303 4
-0.735588 -0.581835 2
-0.870174 0.023774 4
-0.420942 -0.871822 2
-0.233253 0.024567 1
0.072542 -0.202124 1
0.335063 0.751579 4
0.765313 0.930052 2
0.132908 -0.788690 4
-0.936949 -0.401471 2
0.696402 0.053499 4
0.576281 -0.360027 4
0.191015 -0.112094 1
0.832331 0.225929 4
-0.636708 -0.765496 2
-0.690359 -0.964232 2
-0.983337 -0.286782 4
-0.745659 -0.857662 2
0.026765 0.927793 4
0.371624 -0.164403 1
0.930296 -0.559740 3
0.955809 -0.806085 4
0.361614 -0.482345 4
-0.410993 -0.488998 2
-0.684194 0.208838 4
0.449873 0.956786 2
0.644520 0.036836 4
0.775445 -0.661000 3
-0.415204 -0.595630 2
0.369182 -0.209632 1
0.734977 -0.028108 4
-0.511093 0.878780 3
0.971862 0.021516 4
-0.767693 0.285989 4
-0.392499 -0.582141 4
-0.081576 -0.937498 4
-0.150243 -0.532029 4
0.184545 -0.203711 1
0.621937 0.017304 4
0.836604 0.087008 4
0.251930 0.748466 4
-0.852535 -0.264992 4
0.719108 0.121921 4
-0.443403 -0.707266 2
0.288858 -0.036287 1
-0.182958 0.333720 1
0.730766 0.615101 2
-0.169469 -0.780145 4
0.147069 -0.934996 4
-0.053621 -0.457320 1
0.988952 0.831111 2
0.626087 -0.973510 3
0.357463 -0.201453 1
0.351726 -0.235694 4
-0.574877 -0.989929 2
-0.279641 -0.541612 4
0.020539 -0.220191 1
-0.922300 -0.894528 2
0.343852 0.725822 4
-0.952696 0.556688 3
-0.323649 0.633717 4
0.161229 0.837581 4
-0.939695 -0.277322 4
-0.263649 0.291360 1
0.506455 -0.860958 3
-0.570299 -0.249428 4
0.588794 0.601856 2
-0.219764 -0.691824 4
0.555040 -0.685842 3
0.772576 -0.910642 3
-0.431196 -0.208960 1
0.269204 -0.023591 1
-0.342082 0.381512 4
-0.677480 0.759697 3
-0.382122 0.237892 1
-0.871273 0.924314 3
-0.234840 0.548570 4
0.984680 0.490524 2
-0.703360 0.263344 4
0.299600 -0.749016 4
0.345988 -0.457076 4
0.750542 0.642140 2
0.875423 0.012299 4
-0.704581 -0.398297 4
-0.436140 -0.161412 1
-0.764885 0.344951 4
-0.911130 -0.059969 4
-0.921934 0.293191 4
0.907529 -0.488998 3
-0.125950 -0.341288 1
0.066439 0.770623 4
-0.813898 -0.322489 4
-0.032563 0.658925 4
0.217933 -0.561693 4
-0.374065 -0.634083 4
0.054781 0.932615 4
-0.956114 0.329814 4
-0.237770 -0.405438 1
-0.881893 -0.057649 4
-0.535081 0.464400 3
0.274697 -0.113193 1
-0.249855 -0.563524 4
0.009369 -0.927732 4
-0.941282 0.111423 4
0.969665 -0.245338 4
-0.615406 0.783258 4
-0.609668 -0.091281 4
-0.141453 0.336711 1
-0.159825 -0.518174 4
-0.110691 -0.466292 1
-0.402264 0.069369 4
0.727958 0.595508 4
-0.189673 0.056734 1
0.853633 0.379620 4
0.136876 0.619373 4
0.711173 0.066683 4
0.097873 0.415387 1
0.300882 0.351421 1
-0.907346 0.588183 3
-0.811029 0.934812 3
-0.748344 -0.922300 4
0.916684 -0.116489 4
0.216224 0.459822 4
0.789056 -0.589831 3
-0.165441 0.850703 4
-0.125217 -0.913633 4
0.874813 -0.927122 3
0.986572 0.674978 2
0.437422 -0.465377 4
0.698355 -0.086703 4
-0.947508 -0.631458 2
-0.664785 0.942625 3
-0.286721 0.572131 4
0.593310 -0.090732 4
0.589526 -0.576891 3
0.263283 0.817743 4
0.118137 0.574450 4
-0.307291 0.229163 1
0.846553 0.204199 4
0.374432 -0.855220 4
0.046602 -0.334697 1
-0.352153 -0.386883 4
-0.016877 0.485885 1
0.189428 -0.467940 4
0.049409 -0.421491 1
0.005341 -0.993530 4
0.036531 0.362712 1
-0.732719 0.739189 3
-0.179724 -0.553636 4
-0.193823 0.511704 4
0.988769 -0.202185 4
0.642445 -0.884762 4
-0.359600 0.217750 1
0.845576 -0.640492 3
0.009430 -0.355388 1
-0.484420 0.275552 4
0.966674 -0.358013 4
0.029756 0.587878 4
-0.937925 -0.422346 4
0.136753 0.203589 1
-0.147557 0.757073 4
-0.731376 -0.885556 2
-0.938719 0.372234 4
-0.183569 0.966979 4
-0.112094 -0.181188 1
0.340739 0.892209 4
-0.232337 0.968078 4
0.003510 -0.766594 4
0.347087 0.609790 4
-0.831965 -0.166723 4
-0.391095 -0.243385 1
-0.632740 0.775811 3
0.229713 -0.936644 4
0.939390 0.191260 4
0.614429 0.527940 2
0.820246 -0.847896 3
-0.115146 -0.857112 4
0.517563 -0.913144 3
0.650075 0.515244 2
-0.579516 -0.250343 4
0.904538 -0.088412 4
-0.429060 0.866329 3
0.141820 0.974792 4
-0.909787 -0.621021 2
-0.026337 0.731437 4
0.863399 -0.021210 4
-0.525193 -0.261574 4
-0.911985 0.607166 3
-0.634816 0.528550 3
-0.856807 0.061373 4
0.255837 0.176489 1
0.172826 -0.983947 4
-0.233009 0.062838 1
-0.933531 -0.081820 4
0.626576 0.007477 4
-0.603687 0.574206 3
0.128147 -0.861873 4
-0.406598 0.081820 1
-0.185095 0.394024 1
-0.537461 -0.690664 2
0.212683 -0.307657 1
-0.705313 0.643849 3
0.112644 0.760918 4
-0.409467 0.469527 4
0.547166 0.702933 2
0.005524 0.043001 1
-0.534349 -0.226783 4
-0.180944 -0.640553 4
-0.548936 -0.152806 4
-0.735099 -0.502792 2
0.865596 -0.087619 4
-0.310343 -0.959105 4
-0.163671 -0.146519 1
0.977477 0.768364 2
-0.270913 0.087191 1
-0.753227 -0.917173 2
-0.536302 0.481429 3
0.735343 -0.054109 4
-0.546251 -0.282510 4
-0.708914 0.551012 3
-0.655934 0.068453 4
-0.761895 0.938108 4
0.336344 0.728324 4
0.824763 -0.577624 3
-0.028413 -0.419538 1
0.247597 -0.642750 4
0.042573 0.891110 4
0.625233 -0.386700 4
0.076144 -0.896115 4
0.514939 0.487594 2
0.814753 0.950621 2
0.885922 -0.191443 4
-0.416486 -0.283853 4
0.118870 0.021760 4
-0.394757 0.974364 4
-0.139866 -0.721915 4
-0.530869 0.673330 3
0.650624 -0.744377 3
0.323588 0.361919 1
-0.552904 0.870418 3
0.194800 0.851009 4
-0.315653 -0.573656 4
0.383831 0.952208 4
0.656484 0.368328 4
-0.585864 0.377056 4
0.970580 0.883297 2
0.740410 -0.334147 4
0.888974 0.396344 4
0.635609 -0.606922 4
0.789056 -0.222022 4
-0.399945 0.120273 1
-0.028169 0.065584 1
-0.470138 -0.117771 1
-0.099948 -0.038301 1
0.996521 -0.345561 4
0.885006 0.545091 2
-0.430769 -0.499069 2
-0.469771 0.776910 3
0.416364 -0.797845 3
0.115879 -0.253945 1
-0.313578 -0.647816 4
0.831477 0.431196 4
0.663137 0.449751 4
-0.418317 0.306803 4
-0.359233 0.637745 4
0.249611 -0.359600 1
0.146825 -0.283303 1
-0.945555 0.066439 4
-0.221534 0.126316 1
0.241249 -0.770806 4
0.787347 0.996582 2
-0.971801 -0.786309 2
0.875362 -0.623585 4
-0.224647 0.375896 4
-0.282022 -0.404950 1
0.964843 -0.700186 3
0.748772 -0.350200 4
0.057527 -0.810907 4
-0.022004 0.804132 4
0.856075 0.301370 4
-0.673330 -0.545701 2
-0.085421 0.304605 1
0.379986 -0.952208 4
-0.960021 0.921934 4
0.861568 0.653127 4
0.276772 -0.811701 4
-0.258339 -0.061129 1
0.208533 0.319315 4
0.975585 0.077548 4
0.195166 -0.165197 1
-0.332682 0.682546 4
0.543626 0.446455 2
-0.773858 0.581835 3
-0.168615 -0.453108 1
-0.931516 -0.734001 2
-0.079440 -0.807794 4
0.878109 0.476119 2
0.858211 -0.514512 3
0.609851 -0.129612 4
0.114475 -0.488388 4
0.570299 -0.723624 3
-0.293252 0.676077 4
0.268410 0.942320 4
0.948607 0.730766 2
-0.435591 0.708243 3
0.100009 0.159703 4
0.193762 -0.636097 4
-0.678640 -0.784234 2
-0.736564 0.901669 3
0.308267 0.976501 4
0.056490 -0.842341 4
-0.950011 0.592395 3
0.686819 0.715262 2
-0.435347 0.667837 3
-0.927610 0.163793 4
0.467757 0.703421 2
0.590442 0.126560 4
-0.921140 -0.013398 4
-0.110324 -0.872127 4
-0.287149 -0.507431 4
-0.081515 -0.373699 1
0.085665 0.501206 4
0.527451 0.636280 2
0.646229 -0.998901 3
-0.725211 0.554003 3
0.366008 0.781610 4
-0.448042 0.336467 4
-0.664418 -0.334452 4
-0.898373 -0.687185 2
-0.321512 -0.144505 1
0.679495 -0.119846 4
0.043550 0.103427 1
-0.747734 -0.599658 2
-0.461348 -0.378887 4
-0.009064 0.026826 1
0.656911 0.575243 2
-0.353679 0.193518 1
-0.217200 0.904355 4
-0.050752 -0.655751 4
0.495163 -0.691031 3
0.694143 0.425092 2
-0.644948 0.848262 3
-0.596728 0.944823 4
0.435102 -0.123753 1
-0.821589 -0.711234 2
-0.245643 0.322306 1
-0.231422 0.694266 4
0.289712 0.806146 4
0.280618 -0.889218 4
0.579272 -0.962279 3
0.570971 -0.669546 3
-0.622059 -0.375103 4
-0.561449 0.525559 3
-0.392560 -0.941282 4
0.541063 -0.069857 4
-0.775994 0.509201 4
0.724601 0.092502 4
0.848689 0.394452 4
-0.552965 -0.839534 2
0.322489 -0.260109 1
-0.569933 -0.708060 2
-0.993042 -0.638783 2
0.853206 -0.246620 4
-0.092318 0.144200 1
-0.455245 0.837519 3
-0.208716 -0.598254 4
0.991699 0.640309 2
0.664479 0.713553 2
-0.182165 -0.758049 4
0.510727 -0.951353 3
-0.064730 0.183996 4
-0.682363 0.584887 3
-0.910886 -0.424848 2
0.392743 0.720145 4
0.258095 0.946287 4
-0.961852 -0.427473 2
0.576525 -0.649831 3
-0.938658 -0.965026 2
-0.627674 -0.572314 2
0.603015 0.438581 4
-0.191504 -0.523606 4
0.613330 0.335368 4
0.728385 -0.782098 3
0.246315 -0.911130 4
-0.111118 -0.783746 4
-0.271157 0.102756 1
0.065157 0.993408 4
-0.860286 -0.117649 4
0.780084 -0.916562 4
-0.744377 -0.042756 4
-0.100375 -0.199866 1
0.439192 0.241005 4
0.294595 0.620045 4
-0.297464 0.925962 4
0.441084 -0.940123 3
0.835200 -0.251442 4
-0.519639 0.989807 3
0.081332 0.667898 4
0.119602 -0.264748 1
0.544908 -0.075533 4
0.088290 -0.674245 4
0.533311 -0.655812 3
-0.085116 0.093600 1
0.682913 -0.138707 4
0.809320 0.769280 2
0.178564 -0.180029 1
0.673086 0.505356 2
-0.051302 -0.086947 1
-0.031709 -0.862850 4
0.625782 0.885739 2
-0.400006 0.715323 3
-0.432600 0.621754 4
-0.636891 0.156407 4
0.579089 -0.814447 3
-0.882748 0.024201 4
0.422895 -0.930418 3
0.934935 0.201880 4
-0.019379 0.540819 4
0.269204 -0.182409 1
-0.681326 -0.155370 4
0.958251 0.475753 2
-0.874630 0.354350 4
-0.131809 0.880062 4
0.306375 0.807062 4
-0.561327 -0.433882 2
-0.813532 -0.214454 4
-0.434309 0.932005 3
0.016999 0.843928 4
-0.595691 0.321512 4
-0.412030 -0.618152 2
0.036470 0.826960 4
0.934507 -0.200659 4
-0.220618 -0.020356 1
0.662526 0.854915 2
0.463851 0.846004 2
-0.452498 -0.231422 4
0.527940 -0.512558 3
-0.967528 0.688467 4
0.513047 -0.472274 3
-0.681631 -0.057711 4
-0.246193 0.950194 4
0.150243 0.266335 1
0.980407 0.470565 2
-0.594958 0.189123 4
-0.554125 -0.853511 2
-0.563036 0.207129 4
0.305582 -0.454329 4
-0.924863 -0.435469 2
-0.445357 0.048189 1
0.455977 -0.406781 3
-0.864925 -0.042940 4
0.748772 0.932737 2
-0.911252 0.280496 4
-0.441023 -0.217566 1
0.123875 -0.413007 1
-0.392804 -0.111301 1
-0.081332 0.461715 1
-0.557237 -0.511643 2
-0.837947 0.064425 4
0.706656 -0.830195 3
-0.025666 0.359539 1
-0.947203 0.818720 3
-0.783746 -0.007111 4
-0.468062 0.741935 3
-0.474532 0.800653 4
0.272927 0.957274 4
0.970336 -0.223365 4
0.930540 0.749748 2
-0.769097 0.272195 4
0.836726 -0.821528 3
-0.544786 0.481735 3
0.361736 -0.482833 4
-0.354595 -0.848140 4
-0.100070 -0.118442 1
0.854732 0.169591 4
0.400616 -0.213355 1
0.870785 -0.495224 3
-0.290078 -0.668935 4
0.673574 0.141209 4
0.433210 -0.616138 3
0.038667 -0.616260 4
-0.189306 0.792779 4
-0.542711 0.528428 3
0.480087 -0.504318 3
-0.686209 -0.428632 4
-0.779962 -0.249184 4
-0.749992 -0.329264 4
-0.912778 0.749199 3
0.103183 -0.299173 1
-0.982299 -0.104709 4
0.977905 0.714713 2
0.219886 0.278664 1
0.160680 -0.306803 1
0.780267 -0.434309 3
-0.054292 -0.126682 1
-0.901425 -0.031404 4
-0.726798 -0.551561 2
-0.698477 -0.659841 2
-0.365093 -0.216468 1
-0.086581 -0.940062 4
0.216529 0.728385 4
-0.963866 0.455672 3
0.989441 0.398114 4
-0.644581 -0.692923 2
0.668081 0.167638 4
0.702445 0.748466 2
-0.623096 0.851009 3
0.901242 -0.127049 4
0.764275 -0.648183 3
-0.516587 -0.198889 4
0.414167 0.732231 2
-0.210669 0.150060 1
-0.009980 0.899472 4
-0.736991 -0.015473 4
0.842769 0.210913 4
-0.374432 -0.304788 1
0.087802 0.484787 1
0.334697 -0.918699 4
-0.357219 -0.556932 4
0.554552 -0.535936 3
-0.326701 -0.259865 1
-0.979736 -0.820490 2
-0.426984 0.702445 3
-0.064730 -0.464949 1
-0.754021 -0.025605 4
0.636830 -0.477157 3
0.323832 -0.329142 1
-0.541978 -0.491928 2
0.282022 -0.354656 1
0.247841 0.005158 1
-0.529038 -0.672964 2
-0.359661 0.767266 4
-0.904294 -0.476424 2
0.638112 0.998047 2
0.417829 0.870174 2
-0.361003 0.794122 4
-0.840938 0.485214 3
-0.052095 0.196631 1
-0.486801 -0.884274 2
-0.683462 0.718925 3
0.565233 -0.129246 4
0.405377 0.173437 1
-0.467269 0.802545 3
-0.501328 0.298196 4
0.324198 -0.651357 4
0.593799 -0.673757 3
-0.289224 -0.753838 4
-0.639515 -0.494675 2
0.177953 0.219337 1
0.691397 -0.091830 4
-0.489486 -0.221290 4
0.879818 0.921751 2
-0.377300 -0.901486 4
-0.878170 -0.172887 4
0.320170 -0.589892 4
-0.706351 0.116428 4
0.825617 -0.082553 4
0.051790 -0.097568 1
0.262368 -0.849422 4
-0.503403 0.201758 4
-0.876400 -0.824152 2
0.173803 -0.733818 4
0.304056 0.430219 4
-0.682302 -0.248085 4
-0.208289 0.387799 1
0.212317 0.596057 4
0.855159 0.053560 4
-0.385784 0.272500 1
0.768426 0.654897 2
-0.411054 -0.131932 4
-0.957579 -0.872555 2
0.118870 0.408063 1
0.025300 -0.692862 4
-0.313761 0.316630 1
-0.152806 0.398602 4
0.978637 -0.924192 3
-0.730766 -0.452681 2
0.146153 -0.711844 4
-0.706595 -0.561510 2
0.922605 0.712821 2
0.663808 -0.963744 3
-0.358745 -0.321879 1
0.874264 0.114536 4
-0.003937 0.822687 4
0.257546 0.357707 1
-0.443770 0.636219 3
-0.595691 -0.217505 4
-0.201575 -0.987671 4
0.807123 -0.700797 3
0.016816 -0.770562 4
-0.514695 0.640187 3
-0.837092 -0.296609 4
-0.317789 -0.112705 1
0.704093 -0.250282 4
0.772393 0.678396 2
0.214637 -0.293130 1
0.540452 0.113437 4
-0.108798 0.352824 4
-0.771355 0.666677 4
0.745476 0.849300 2
0.458419 -0.710562 3
0.140782 -0.282510 1
0.555956 0.612293 2
-0.157323 0.836360 4
-0.791742 0.969176 3
0.099033 -0.588183 4
0.987915 0.129246 4
0.709220 0.543077 2
0.365703 0.373882 4
0.825983 0.653066 4
-0.364910 0.154576 1
-0.387799 0.916623 4
0.937498 0.259377 4
0.097873 -0.849544 4
-0.432478 0.450056 3
0.898984 -0.319865 4
-0.803583 0.161534 4
-0.880184 0.717765 3
-0.176916 0.326884 1
-0.984436 -0.974853 2
-0.589282 0.959105 3
-0.913938 -0.658681 2
-0.470626 -0.970214 2
-0.531663 0.479354 3
-0.845332 -0.310770 4
0.025483 0.394696 1
0.326640 -0.780450 4
-0.337382 0.137486 1
-0.109836 0.555528 4
-0.630421 0.683767 3
0.278176 -0.009857 1
-0.440474 0.443892 4
0.504074 -0.935789 3
0.680960 0.011994 4
-0.542589 0.858760 3
-0.914792 -0.287637 4
0.490768 -0.772637 3
-0.020905 -0.047273 1
0.397687 -0.834101 4
0.232826 -0.427595 1
0.466536 0.769280 2
0.101474 0.516037 4
-0.407270 0.323527 4
0.792169 -0.471603 3
0.703543 0.274819 4
0.537339 0.397076 4
-0.763665 -0.652638 2
-0.353435 0.819880 4
-0.629383 -0.783319 2
-0.828425 -0.504990 2
-0.613575 -0.886898 2
0.573534 0.769646 2
-0.830805 0.798883 3
-0.623585 -0.612171 2
-0.256325 -0.228004 1
0.486496 -0.191687 4
0.050264 0.553819 4
0.887753 0.452620 2
-0.770012 0.764214 3
-0.944212 0.361553 4
0.701834 0.631519 4
-0.095248 -0.683035 4
0.555895 -0.132664 4
-0.354167 -0.211829 1
0.492721 0.717032 2
0.849666 -0.668935 3
-0.036653 0.717887 4
0.506272 0.557054 2
0.561632 -0.485153 3
-0.775628 -0.254494 4
-0.668142 -0.757500 2
0.154576 -0.151097 1
-0.262734 -0.263222 1
0.003388 0.284829 1
0.835810 0.437117 2
-0.112339 -0.227638 1
-0.020966 0.531358 4
0.998230 0.802118 2
-0.660878 -0.069124 4
-0.640492 0.379925 4
-0.976257 0.292215 4
-0.367107 0.703909 4
0.717032 -0.226417 4
0.163121 0.672964 4
0.927854 -0.217017 4
0.566942 -0.168493 4
-0.710196 0.882077 3
-0.646352 -0.218299 4
0.190771 0.515793 4
0.602710 -0.512619 3
0.558153 -0.414777 3
-0.149388 -0.490524 4
0.148656 0.321390 1
0.316568 -0.706961 4
0.426557 0.703970 2
-0.343791 0.426740 4
-0.675710 -0.951903 2
0.849544 0.566881 2
-0.897641 0.603320 3
0.827815 0.703909 2
0.422346 0.327250 4
-0.704581 -0.091220 4
0.858455 0.655385 2
0.141881 -0.129856 4
-0.343974 0.342448 1
-0.875057 -0.320353 4
-0.153905 0.549486 4
0.386578 0.685049 4
-0.906430 -0.459822 2
-0.918516 -0.937620 2
-0.853084 -0.112339 4
0.220923 -0.688894 4
-0.288125 0.219581 1
0.987610 0.392743 4
-0.750114 -0.496994 4
-0.462203 0.974853 3
-0.155797 -0.061800 1
-0.100742 0.447249 1
-0.858150 0.937498 4
0.268593 -0.696646 4
0.710440 -0.327738 4
-0.955138 -0.624500 2
0.199316 -0.481857 4
-0.433821 0.524216 3
-0.283486 0.667653 4
0.987304 0.964904 2
0.067415 -0.531724 4
-0.694998 0.716361 3
-0.788873 0.920286 4
-0.554369 0.923948 3
0.715934 0.491134 4
0.834651 -0.701102 3
-0.613086 -0.777337 2
-0.784845 0.873775 4
-0.142308 0.263405 4
0.924741 0.946226 2
-0.986755 -0.285379 4
0.622059 0.733329 2
-0.081820 0.277383 1
-0.160863 -0.884396 4
0.689383 0.875118 2
-0.049165 -0.812799 4
-0.256752 -0.532762 4
-0.523667 -0.623463 4
0.303751 -0.107212 1
0.282083 0.922361 4
-0.767449 -0.941282 2
0.513535 -0.272378 4
-0.611438 0.353923 4
0.177709 0.322306 1
0.086581 -0.921628 4
0.492477 0.089450 4
0.056001 0.182958 1
0.651418 0.306009 4
0.854122 -0.039155 4
-0.216041 0.161046 1
-0.796258 -0.224769 4
-0.138218 -0.001923 1
-0.531846 -0.308878 4
-0.630909 -0.173498 4
-0.321757 -0.741264 4
-0.034333 -0.080599 1
-0.542283 -0.080172 4
-0.626209 -0.699393 2
-0.918210 0.821711 3
-0.431013 0.383953 4
-0.977477 -0.512070 4
0.295511 -0.800409 4
-0.087985 -0.955687 4
0.212867 -0.209021 4
-0.841060 0.799982 3
-0.141820 -0.274331 1
-0.279153 -0.827754 4
0.332316 0.498337 4
0.024079 -0.518357 4
-0.566088 -0.848079 2
0.980468 0.268532 4
-0.874752 0.966063 3
-0.274941 0.760735 4
0.968688 0.796014 2
-0.656301 -0.817988 2
-0.231117 -0.143284 1
0.722953 -0.992492 3
0.349040 0.668935 4
-0.013153 0.269997 4
0.421674 0.780267 2
0.035737 -0.126255 1
0.148106 0.987915 4
0.721305 0.811762 2
0.447371 -0.629383 3
0.431135 -0.534349 3
-0.312174 -0.260842 1
-0.436995 -0.948546 2
0.299783 -0.617176 4
0.794122 -0.009491 4
-0.644887 -0.520005 2
-0.554064 0.807489 3
0.504929 -0.504379 3
0.858333 0.312967 4
-0.890683 -0.434553 2
-0.232154 -0.415143 1
0.178198 -0.489731 4
0.487899 0.859004 2
0.118992 0.989380 4
-0.544786 0.130467 4
0.514512 -0.370037 4
0.697867 -0.694754 3
-0.535752 0.025483 4
-0.764336 0.365764 4
-0.311502 -0.490280 4
0.600085 0.491073 4
0.844172 -0.142796 4
-0.195227 -0.363140 1
0.602161 0.762871 2
-0.537400 0.990051 3
-0.775506 0.383038 4
-0.425398 0.218055 1
-0.082186 -0.387799 1
0.069918 -0.220130 4
0.365032 -0.614978 4
0.692373 0.006989 4
-0.186132 -0.626881 4
0.571032 -0.552293 3
-0.836970 -0.751274 4
-0.984802 -0.651418 2
0.900632 -0.543687 3
-0.996094 -0.633229 2
-0.249367 0.420515 4
0.730888 -0.074496 4
-0.266701 0.577502 4
-0.317057 -0.715262 4
-0.716361 -0.208777 4
-0.691275 0.652272 3
-0.638844 0.861568 3
-0.363140 0.758599 4
0.359355 -0.806757 4
-0.528062 0.510971 3
0.348430 0.529038 4
0.285623 0.875301 4
0.000458 0.197790 4
-0.124424 -0.734001 4
0.705679 -0.148289 4
0.542528 -0.305216 4
0.143406 0.401044 1
-0.820551 -0.004791 4
0.168981 0.065645 1
0.529771 -0.146580 4
-0.432356 -0.614490 2
-0.796258 0.374310 4
-0.735832 -0.071627 4
0.094760 -0.235328 1
0.203894 -0.454573 1
-0.147191 0.653554 4
0.593677 -0.391461 4
-0.684927 0.855525 3
-0.240883 -0.037812 1
-0.502609 -0.736991 2
0.783258 0.594470 2
-0.821589 0.274758 4
-0.404889 0.518174 3
-0.499557 -0.015961 1
0.527207 -0.689444 3
-0.373272 -0.487716 4
-0.201514 0.437056 1
0.575243 -0.375225 4
-0.832270 -0.872616 2
-0.849727 0.365520 4
0.379559 0.436506 4
-0.336772 0.137364 1
-0.752312 0.454695 3
-0.879086 0.691092 3
0.538194 0.682180 2
-0.981262 0.113437 4
-0.526841 -0.397198 4
-0.950011 -0.620899 2
0.932432 -0.270363 4
0.188086 -0.403485 1
-0.476302 0.102451 1
-0.039094 0.987915 4
0.889706 0.642811 2
0.570910 -0.851619 3
-0.852107 -0.832270 2
0.061068 -0.523911 4
-0.503830 -0.525498 2
-0.748955 -0.893613 2
0.981506 0.992431 2
-0.096957 -0.530198 4
0.502976 0.298868 4
-0.215552 -0.030061 4
-0.474654 -0.435652 2
-0.778558 0.502914 3
-0.014313 -0.018525 1
0.631214 -0.146397 4
-0.277993 0.688589 4
0.632618 0.666921 2
0.696219 0.875484 2
0.920408 -0.056490 4
-0.433943 -0.096835 1
0.385235 -0.891049 4
0.042451 0.630787 4
0.233680 -0.103977 1
0.188452 -0.021271 1
-0.650319 -0.185278 4
-0.364605 -0.695853 4
0.096408 0.114414 1
-0.150060 0.686453 4
0.432661 0.113865 1
-0.660573 0.957945 3
-0.136753 0.842647 4
-0.716971 0.523179 3
-0.394696 0.346171 4
-0.235694 -0.066378 4
